0.87507235
0.23096941
0.24129626
0.42623470
0.27766362
0.38579362
0.47821363
0.77453037
0.05462052
0.51183687
0.79515684
0.78910704
0.58072038
0.30018663
0.52651774
0.74541614
0.07320753
0.73834474
0.06713550
0.67818229
0.22604456
0.36777112
0.18487031
0.03979026
0.68323794
0.46367546
0.05571418
0.85952590
0.48216633
0.48121628
0.79694212
0.07404736
0.73439875
0.88384321
0.30022041
0.51806137
0.05864913
0.81501598
0.73980479
0.96415926
0.25622299
0.36376166
0.87136707
0.68452632
0.12861667
0.46811551
0.66105753
0.09380566
0.14564156
0.32067208
0.09582201
0.72699863
0.54572878
0.24791208
0.31589556
0.65013096
0.92897375
0.36952572
0.25320523
0.69110940
0.37052116
0.83343129
0.92137016
0.72216740
0.20713493
0.26642379
0.49721159
0.11292503
0.35978260
0.27075991
0.10112178
0.23906205
0.78477795
0.47359953
0.21094815
0.82331097
0.22649791
0.78654896
0.44403191
0.04566903
0.34781389
0.08459894
0.95639800
0.70875155
0.45186341
0.66708179
0.34772465
0.10386522
0.61708018
0.02475432
0.06393946
0.73340708
0.17488229
0.11815936
0.62827067
0.74455609
0.98996125
0.49916976
0.54081655
0.37447258
0.43370314
0.64051495
0.30303539
0.08658374
0.56321317
0.24080474
0.89411641
0.14408142
0.87290285
0.69449131
0.95691932
0.15356774
0.72212914
0.70136824
0.91964431
0.82062612
0.19650914
0.51527112
0.11112913
0.57940914
0.06562619
0.81792303
0.46066107
0.46232585
0.03409965
0.19191939
0.63014095
0.55270814
0.01218674
0.09680945
0.40125378
0.90146262
0.01539438
0.63164993
0.47792164
0.25760465
0.87873662
0.64993964
0.68762227
0.80809015
0.57266710
0.77442724
0.47455369
0.31967397
0.39591708
0.15429025
0.60581317
0.15483652
0.51867072
0.08393592
0.73105253
0.50257082
0.78364090
0.20750417
0.26674577
0.02567164
0.20935430
0.26345107
0.41551257
0.10310884
0.23711682
0.46238742
0.06023052
0.19456295
0.35834936
0.86341811
0.96596192
0.73087802
0.08397815
0.81684394
0.40974699
0.96436289
0.18346906
0.01872296
0.83265928
0.41309241
0.62206342
0.45113092
0.80373053
0.18068857
0.46497755
0.77688994
0.16915424
0.91782524
0.14297243
0.92094647
0.73653459
0.78718652
0.55638046
0.06156769
0.00623817
0.05171575
0.61982494
0.06225286
0.14983374
0.33853022
0.10002235
0.59883668
0.23288145
0.25930491
