100
 13 92
 86 56
 77 25
 62  0
  1 97
 42 51
 84 60
 16 81
 16 20
  0 19
 64 77
 79 93
 81 66
 31 96
 67 84
 36 38
 69 33
 74 60
 10 68
 38 42
 34 38
 62 85
 86 84
 33 26
 53 21
 97 74
 66 17
 10 54
 71 66
 76 13
 66 13
  6 70
 98 88
 59 13
 42 21
 19 55
 56 80
 11 78
 19 76
 63 60
 57 74
 58 70
 23 55
 15 71
 94 35
 33 81
 85 62
 32 26
 55 31
 28 86
 72 53
 10 38
 91 89
 76  9
  8 25
 50 63
 68  8
 33 67
 46 94
 55 35
 20 97
 23 92
 80 65
  0 64
 91 46
 13 67
  6 12
 86 64
 94 20
 20 98
 34 48
 64 98
 14 66
 51 76
 24 33
 64 65
 15 80
 22 86
  5 72
 40 11
 68 91
 89  3
  1 81
  5 23
 26 61
 64 18
 83 45
 22 30
 41  0
 99 81
 73 76
 78 50
 85 12
 34  3
 60 59
  3 30
 47 94
 29 89
 37 97
 40 56
  7 43
 19 37
 90 76
 96 31
 68 21
 98 10
 64 21
 65 51
 38 43
  4 38
 48 64
 89 72
 21 11
 12 82
 43 86
 14 95
 59 74
  0 22
 91 77
 81  2
 46 38
 52 40
 56 47
 89 69
 37 35
 44 27
 97 10
 11 83
 38 96
 66  5
 24  9
  0 10
 97 71
